[     8255.7      1842.7]
[     8425.1      1786.4]
[     8250.5      1837.6]
[     8273.6      1856.9]
[     6971.6      1464.6]
[     6486.7        1649]
[     6145.7      1824.8]
[     5984.3        1839]
[     5909.9      1883.7]
[     5740.8      2022.9]
[       5232      2179.2]
[     5236.8      2244.1]
[     5342.5      2309.7]
[       5289      2340.1]
[       4303      2328.2]
[     6115.4      109.86]
[       5382      1044.2]
[     5260.1      1237.1]
[     5053.3      1813.8]
[     4967.1      1863.4]
