[       7627      1539.5]
[     7296.2      1466.3]
[     7220.8      1510.7]
[     7179.9      1513.2]
[     7070.3      1458.5]
[      373.4      1483.6]
[     1428.1      1508.9]
[     1567.4      1554.4]
[     4625.1      1805.5]
[     4687.1      1878.7]
[     5138.9        2210]
[     5142.8      2243.2]
[     5143.6      2319.9]
[     4614.8      2705.4]
[     4751.3      2668.1]
[     5388.3      2628.5]
[     5512.5      2660.8]
[     4889.6      2679.5]
[     5634.4      2717.8]
[     5680.8      2831.3]
[     5209.4      2812.5]
[     5181.6      2776.1]
[     5691.5        2412]
[     5776.7      2397.3]
[     5955.4      2395.9]
[     6563.6      2284.9]
[       6153      2342.5]
[     6772.9      2230.2]
[     3783.2      2715.4]
[     3979.3      2707.7]
[     7348.6      2519.5]
[     4054.5      2821.9]
[     7553.8      2582.4]
[     7587.8      2560.1]
[     7678.6      2561.6]
[     7281.6      2620.6]
[     7387.8      2652.1]
[     7442.7      2690.8]
[     3602.8      2896.2]
[     3850.4      2889.7]
[     4362.9      2877.5]
[     7564.8      2651.1]
[     5228.6        2730]
[     5541.5      2781.2]
[     5758.7      2734.7]
[     6024.1      2629.1]
[     8852.3      1731.3]
[     6928.9      2532.2]
[     5945.9      1981.1]
[     7810.5      2011.2]
[     7758.8        1996]
[       7695      1989.7]
[     8028.9      2280.9]
[     7370.1      1451.1]
[     7422.9      1401.1]
[      10817      2780.1]
[     7315.1      1439.6]
[     7312.7      1430.3]
[     7375.8      1398.1]
[     7338.4        1501]
[     7397.9      1329.3]
[     7816.1      1337.4]
[     7893.1      1259.6]
[       7482      1270.4]
[       7369      1302.4]
[     7398.4      1310.8]
[     7493.2      1210.6]
[       7999      1249.1]
[     8096.3      1223.4]
[       8363      1070.4]
[     8622.2      1042.2]
[     8533.2        1176]
[      12859      1082.6]
[      11187      2239.4]
[      10847      2293.2]
[      10908      2328.1]
[     2453.6      2676.1]
[      12551      2077.9]
[      11941      2248.5]
[      11006      2643.7]
[      12664      3430.5]
[      11745        3191]
[      10771      2184.3]
[      11640      3236.8]
[      11266      3234.6]
[      11787      3280.3]
[      12002      3232.1]
[     7049.7      2978.2]
[     6708.8      2772.6]
[     6212.8      3038.4]
[     6234.8      3290.1]
[      10916      3566.1]
[      14457      1827.6]
[      10398      3803.9]
[      10466      4197.4]
[     9747.7        4070]
[      10216        4134]
[     9912.7      4186.9]
[     9797.9      4327.1]
[     9727.2      4114.7]
[      10016        4157]
[       9989      4173.3]
[      10191      4155.2]
[     9731.2      4331.1]
[     9735.8      4341.3]
[     9775.6        4536]
[     9685.3      4615.4]
[     9538.1      4674.7]
[     9475.5      4724.2]
[     9559.4      4729.7]
[     9629.2        4906]
[     9546.9      4952.1]
[     9543.8      5049.9]
[     9275.7      5172.9]
[     9285.7      5215.7]
[     9471.8      5214.9]
[       9347        5316]
[     8891.5      5567.1]
[     8686.9      5509.3]
[     8423.4      5675.5]
[     8067.3      5322.7]
[       8327      5769.8]
[     8387.1      5822.4]
[     8628.3      5859.8]
[       8093      5597.6]
[     8126.6      5449.8]
[     7511.2      5315.6]
[     7431.3        5529]
[     7548.9      5542.7]
[     7641.8      5743.6]
[     6725.8      5896.3]
[     6652.4      5919.9]
[     6610.5      5985.2]
[     6469.7      5920.9]
[     6498.6      5929.4]
[       6577      5346.7]
[     6312.8      5395.5]
[       6257      5507.4]
[     6069.3      5565.5]
[     5514.7      5461.3]
[     5366.5      5500.3]
[     5224.4      5567.8]
[     4953.7      5526.3]
[     4873.9        5529]
[     4731.4      5610.4]
[     4650.2      5639.8]
[     4587.2      5649.4]
[     4536.6      5633.1]
[     4248.3      5648.1]
[     4210.5        5677]
[     4155.1      5610.2]
[       4096      5648.8]
[     3992.7      5665.2]
[     3907.7      5632.7]
[     3919.6      5560.2]
[     3665.6      5697.4]
[     3461.6      5820.6]
[     3341.5      5827.5]
[     3718.9      5359.8]
[     3668.3      5688.8]
[     3785.5      5676.4]
[     3961.1        5671]
[     4099.9      5679.3]
[     4185.6      5711.8]
[     4303.6      5705.3]
[     4447.3      5740.1]
[     4518.1      5776.1]
[     4658.8      5811.8]
[     4704.4        5776]
[     4856.8      5757.7]
[     4975.5      5781.5]
[     5061.3      5801.7]
[     5157.5      5876.4]
[     5264.8      5901.8]
[     5235.2      5915.1]
[     5424.9      6012.5]
[     5513.8      5970.2]
[     5475.4      5995.8]
[     5604.1      5903.8]
[     5727.2      5916.7]
[     6869.1      6205.2]
[     6845.6      6269.5]
[     8948.6      5727.3]
[     8812.4      5821.5]
[     8909.9      5804.3]
[     6678.2      4996.3]
[     8910.4      5610.4]
[     9307.5      5684.5]
[     8743.3        5259]
[     9740.6      4572.7]
[     8710.4      4540.5]
[     5437.2      4241.9]
[     5288.9      4251.2]
[     5172.2      4253.9]
[     8169.7      4512.2]
[     5787.6      4479.9]
[     5008.5      4425.6]
[     5095.4      4462.6]
[     6758.7      4249.4]
[     6786.3      4270.5]
[     6671.5      4367.9]
[     6855.1      4421.5]
[     7239.6      4361.7]
[       7254      4359.8]
[     7476.3      4351.5]
[     7613.6      4344.5]
[       7700      4336.6]
[     7801.6      4403.1]
[     7749.5      4363.1]
[     7583.6      4362.5]
[     7494.4      4341.1]
[     7550.9      4332.1]
[     7444.7      4317.1]
[     3432.6      3744.4]
[     7480.8      4306.2]
[     7434.1      4235.8]
[     7520.3      4218.3]
[     3683.7      3629.1]
[       7334      4255.6]
[     6932.7      4277.4]
[     6907.5      4299.1]
[     3106.9        3882]
[     455.04      3367.6]
[     3238.7      3788.9]
[     3427.2      3712.8]
[     7781.2      4059.8]
[     7896.8      4057.6]
[       7797      4008.5]
[     7658.6      3849.6]
[     3366.7      4059.8]
[     5771.9      3871.3]
[     5713.1      3823.8]
[       4572      3695.7]
[     4763.7      3722.5]
[     4727.9      3764.8]
[     5632.8      3077.4]
[     5366.3      2918.1]
[     5189.6        2905]
[       5152      2914.3]
[     5030.3      2957.8]
[     9168.6      3965.6]
[       9028      3983.3]
[     8922.9      4057.2]
[     8902.9        4021]
[     8238.2      3758.4]
[       8240      3702.9]
[     8290.8      3723.6]
